949
987
1013
1038
1041
1056
1028
1066
1098
1162
1233
1408
1696
2084
2527
3044
3470
3790
3925
3925
3925
3793
3520
3200
2843
2481
2254
1934
1649
1425
1275
1201
1188
1211
1326
1472
1621
1713
1745
1706
1610
1472
1354
1248
1258
1275
1333
1390
1429
1450
1454
1439
1425
1440
1476
1568
1745
2011
2318
2623
2858
2990
3018
2939
2783
2564
2325
2016
1787
1610
1535
1557
1713
1838
1934
2001
1983
1962
1915
1845
1759
1649
1536
1422
1329
1284
1275
1358
1439
1535
1631
1706
1732
1787
1860
1915
1966
2052
2154
2272
2372
2427
2517
2513
2432
2282
2079
1855
1678
1595
1604
1668
1809
1952
2052
2084
2043
1952
1834
1742
1691
1659
1636
1595
1508
1521
1514
1525
1568
1604
1627
1610
1563
1531
1572
1732
1951
2171
2346
2414
2395
2318
2222
2129
2011
1934
1956
2052
2148
2171
2116
2043
2026
2058
2065
2144
2090
1969
1802
1653
1540
1504
1508
1550
1599
1627
1642
1642
1631
1631
1631
1621
1663
1681
1696
1742
1824
1952
2111
2207
2208
2176
2079
1969
1866
1759
1668
1621
1595
1621
1642
1668
1717
1787
1851
1877
1883
1870
1845
1806
1774
1770
1838
1802
1819
1823
1792
1770
1728
1738
1764
1813
1828
1873
1883
1919
1973
2075
2193
2314
2432
2500
2481
2404
2282
2154
2037
1934
1856
1834
1841
1866
1909
1962
2043
2090
2148
2158
2144
2090
2001
1905
1813
1755
1745
1774
1866
1934
1984
1983
1947
1873
1802
1749
1770
1883
2139
2564
3061
3488
3716
3690
3492
3189
2816
2468
2197
2015
1892
1838
1870
1924
2037
2207
2442
2651
2702
2574
2378
2148
1969
1866
1838
1883
1937
2026
2079
2062
2015
1983
2037
2239
2606
3082
3534
3893
3925
3921
3743
3381
2975
2560
2133
1802
1627
1553
1585
1696
1888
2090
2267
2372
2385
2346
2240
2129
2084
2080
2069
2030
1920
1774
1646
1540
1546
1717
2069
2709
3498
3931
3931
3925
3921
3428
2907
2410
1973
1653
1454
1390
1435
1540
1706
1866
1988
2058
2075
2001
1956
1877
1802
1742
1674
1621
1557
1503
1439
1403
1397
1499
1824
2442
3249
3931
3931
3925
3931
3925
3925
3925
3925
3620
2922
2235
1678
1354
1279
1439
1691
1934
2037
2047
1952
1828
1678
1536
1435
1358
1343
1339
1343
1354
1371
1489
1819
2404
3236
3935
3931
3925
3931
3931
3931
3931
3935
3460
2645
1973
1503
1248
1220
1348
1589
1855
2062
2175
2154
2043
1813
1578
1344
1211
1137
1124
1141
1183
1226
1284
1393
1674
2261
3135
3935
3931
3931
3931
3931
3931
3925
3931
3931
3744
2762
1941
1376
1105
1070
1205
1393
1585
1706
1727
1649
1504
1333
1169
1028
932
868
864
913
1009
1115
1211
1269
1284
1361
1685
2432
3419
3931
3931
3931
3925
3925
3925
3925
3925
3925
3374
2495
1813
1354
1088
1013
1060
1166
1316
1493
1649
1728
1685
1536
1343
1130
970
895
910
955
1024
1088
1166
1220
1269
1354
1457
1610
1824
2271
3008
3925
3935
3921
3931
3931
3931
3925
3931
3931
3918
3931
3761
2720
1994
1578
1435
1461
1578
1678
1696
1646
1557
1457
1343
1211
1077
960
874
842
863
938
1019
1109
1179
1243
1284
1329
1375
1454
1646
1983
2660
3616
3931
3925
3931
3931
3925
3925
3931
3925
3925
3931
3935
3118
2225
1649
1371
1312
1380
1482
1563
1631
1642
1627
1563
1467
1339
1166
1034
896
810
785
795
795
814
827
853
913
1013
1115
1166
1211
1380
1860
2719
3744
3931
3935
3931
3925
3921
3925
3931
3921
3300
2261
1435
874
661
735
974
1294
1604
1791
1828
1749
1568
1354
1105
900
750
640
590
586
608
682
785
913
1073
1215
1312
1348
1329
1343
1540
2080
2958
3921
3925
3925
3931
3921
3925
3931
3935
3790
2766
1819
1109
672
544
703
1056
1457
1787
1973
1994
1834
1535
1243
955
736
629
612
657
740
849
981
1073
1137
1173
1201
1248
1467
2016
2948
3931
3931
3931
3925
3931
3931
3931
3931
3921
3925
3285
2080
1269
977
959
1137
1380
1582
1696
1710
1649
1531
1354
1179
1006
863
763
740
767
846
955
1070
1205
1312
1504
1892
2613
3569
3925
3931
3925
3921
3925
3931
3925
3925
3925
3018
1924
1070
625
544
708
1024
1380
1653
1845
1952
1979
1905
1760
1546
1311
1051
846
725
682
708
768
885
1179
1760
2702
3839
3925
3931
3931
3925
3925
3925
3931
3935
3263
1994
964
292
31
117
448
891
1326
1668
1883
1919
1856
1664
1425
1152
959
842
778
782
836
906
991
1124
1471
2190
3093
3931
3925
3931
3931
3925
3925
3931
3925
3931
3931
3103
1887
1028
603
558
804
1141
1482
1713
1802
1777
1668
1518
1343
1166
1006
900
849
881
981
1124
1294
1521
2116
3136
3925
3931
3935
3931
3925
3931
3931
3925
3925
2954
1845
1060
671
661
895
1269
1649
1941
2080
2048
1924
1681
1439
1211
1060
1002
1009
1041
1109
1109
1115
1243
1738
2773
3925
3935
3931
3931
3925
3931
3931
3925
3931
3931
3648
2560
1614
1156
1092
1275
1525
1728
1888
1951
1905
1755
1536
1290
1041
842
731
721
804
927
1060
1201
1339
1578
2097
2965
3931
3921
3931
3925
3935
3931
3931
3925
3931
3925
2801
1802
1073
704
618
753
987
1294
1546
1614
1535
1329
1066
849
654
507
480
526
608
718
831
928
1006
1077
1216
1631
2442
3566
3925
3935
3931
3931
3935
3931
3921
3925
3925
3370
2257
1354
831
640
708
932
1198
1418
1540
1572
1514
1375
1179
960
800
718
708
763
821
881
938
970
1002
1045
1220
1706
2560
3739
3925
3921
3931
3931
3931
3931
3931
3931
3925
3925
2752
1668
981
644
625
864
1226
1610
1866
1983
1962
1856
1664
1439
1230
1034
859
725
708
757
863
942
1013
1105
1344
1888
2816
3925
3931
3931
3967
3925
3925
3931
3925
3925
3925
3007
1883
1147
799
789
987
1258
1499
1642
1681
1621
1476
1297
1102
942
821
763
750
785
842
913
981
1055
1230
1760
2741
3822
3925
3925
3921
3925
3931
3925
3925
3931
3931
3754
2638
1710
1156
932
977
1169
1429
1631
1764
1813
1813
1781
1713
1636
1563
1467
1386
1275
1205
1156
1130
1109
1070
1119
1265
1668
2496
3690
3925
3925
3931
3931
3921
3925
3925
3925
3925
2916
1952
1252
913
896
1092
1375
1636
1828
1892
1777
1595
1354
1109
881
735
661
672
750
853
959
1055
1137
1188
1316
1595
2186
3103
3925
3931
3925
3925
3931
3925
3921
3931
3765
2719
1834
1237
1024
1087
1322
1610
1860
2016
2043
1956
1777
1568
1354
1188
1056
991
949
964
996
1045
1092
1120
1156
1354
1809
2624
3679
3925
3925
3935
3925
3925
3931
3925
3931
3935
3103
2116
1482
1248
1329
1550
1770
1915
1947
1828
1632
1397
1183
1009
932
942
1023
1166
1339
1550
1732
1845
1870
1866
1934
2385
3396
3925
3931
3931
3931
3931
3931
3931
3931
3931
3925
3620
2436
1508
977
836
996
1316
1636
1870
1888
1796
1627
1408
1188
992
881
832
853
913
1013
1137
1233
1339
1600
2144
3086
3931
3931
3921
3931
3931
3931
3931
3921
3569
2491
1499
849
511
465
661
970
1333
1659
1813
1930
1883
1745
1503
1243
974
789
661
640
703
832
992
1156
1326
1514
1823
2399
3232
3925
3931
3925
3935
3931
3931
3931
3925
3611
2491
1444
667
283
234
433
859
1284
1646
1866
1951
1887
1755
1553
1344
1152
1006
900
859
859
891
945
1024
1087
1166
1393
1994
3093
3925
3925
3931
3925
3931
3925
3931
3931
3524
2325
1322
622
347
405
725
1137
1567
1870
2016
1984
1838
1627
1348
1102
917
785
708
714
772
874
992
1088
1152
1216
1467
2033
3054
3931
3925
3935
3931
3931
3925
3925
3931
3377
2144
1134
480
266
388
703
1102
1472
1728
1791
1742
1604
1435
1275
1092
974
928
949
1024
1120
1198
1247
1348
1572
2203
3195
3925
3931
3931
3925
3918
3931
3925
3931
3921
3701
2065
1038
699
721
977
1322
1631
1802
1823
1685
1472
1205
977
778
654
603
593
644
708
810
1060
1642
2670
3931
3931
3925
3925
3931
3931
3935
3931
3931
3931
3935
3515
2254
1348
895
859
1105
1482
1759
1819
1678
1476
1237
1002
831
725
693
714
768
878
974
1184
1695
2656
3931
3925
3931
3931
3931
3931
3925
3931
3925
3931
3935
3908
2528
1578
1019
836
928
1147
1358
1482
1493
1375
1183
987
782
689
718
810
906
1009
1141
1472
2282
3551
3931
3936
3925
3935
3935
3935
3925
3931
3925
3931
3931
3460
2240
1439
1055
1006
1130
1284
1393
1390
1294
1141
964
827
672
597
603
667
757
842
923
981
1028
1198
1732
2858
3931
3931
3931
3931
3931
3925
3931
3931
3931
3931
3931
3925
2875
1892
1301
1051
1028
1098
1162
1198
1169
1109
1051
1009
974
964
970
1013
1102
1184
1265
1329
1361
1376
1412
1678
2404
3541
3925
3925
3936
3931
3935
3931
3935
3931
3931
3925
3712
2427
1450
864
612
650
831
1038
1201
1284
1290
1211
1173
1073
927
789
672
629
635
654
721
827
945
1060
1162
1307
1728
2801
3925
3925
3921
3931
3931
3931
3925
3931
3931
2773
1599
789
484
558
842
1162
1450
1610
1642
1578
1440
1280
1087
910
768
676
661
682
799
842
949
1056
1166
1247
1333
1604
2218
3204
3931
3931
3935
3925
3931
3931
3931
3931
3931
2517
1412
676
447
558
868
1265
1617
1806
1856
1787
1617
1425
1220
1055
938
849
804
817
846
923
996
1051
1083
1087
1137
1422
2101
3167
3925
3925
3931
3925
3931
3925
3925
3925
3931
3227
1792
795
416
565
885
1262
1604
1802
1855
1777
1610
1376
1137
932
785
703
676
740
750
810
878
942
1024
1247
1823
2847
3925
3925
3935
3931
3931
3931
3931
3931
3925
3925
3662
2378
1439
881
768
960
1284
1578
1727
1723
1599
1429
1215
1002
846
763
725
740
768
804
853
900
1038
1397
2225
3419
3925
3925
3921
3931
3921
3931
3931
3931
3925
3931
3647
2414
1429
923
785
945
1262
1585
1838
1966
1984
1883
1632
1326
1023
778
672
689
782
932
1119
1316
1668
2318
3338
3931
3925
3931
3935
3931
3935
3931
3931
3931
3505
2414
1557
1073
910
1028
1301
1599
1873
1983
1941
1745
1461
1152
874
644
501
443
462
533
640
772
1198
2175
3616
3925
3931
3935
3931
3935
3931
3931
3925
2414
1258
511
302
480
874
1301
1678
1905
1994
1930
1755
1503
1237
1051
927
927
977
1038
1147
1279
1578
2207
3232
3925
3925
3925
3925
3931
3931
3931
3925
3008
1499
516
128
270
753
1348
1824
2026
2020
1841
1550
1248
955
721
576
544
580
667
782
906
1102
1567
2432
3748
3931
3931
3931
3935
3925
3925
3931
3925
3931
3345
1969
1002
469
384
639
1105
1649
2065
2250
2175
1920
1457
1028
703
497
430
443
580
725
896
1279
2112
3338
3925
3925
3925
3931
3925
3925
3914
3931
3925
3921
2666
1486
693
398
497
849
1279
1649
1873
1920
1819
1636
1403
1188
1024
923
895
927
992
1105
1247
1525
2314
3867
3931
3925
3931
3925
3931
3931
3931
3925
3931
3921
2542
1422
804
593
699
1009
1333
1604
1755
1781
1732
1600
1425
1280
1179
1105
1077
1077
1120
1141
1184
1265
1535
2203
3249
3925
3931
3935
3925
3925
3931
3925
3925
3925
3931
3035
2020
1390
1258
1390
1595
1755
1809
1792
1742
1681
1627
1595
1535
1461
1380
1297
1205
1134
1098
1087
1045
1034
1173
1649
2687
3925
3931
3931
3931
3931
3931
3925
3925
3925
2875
1902
1184
768
644
817
1141
1531
1887
2111
2015
1649
1269
1019
810
682
618
593
635
753
927
1130
1269
1333
1358
1557
2208
3328
3931
3931
3935
3931
3925
3931
3931
3921
3761
2496
1535
859
558
565
789
1252
1653
1988
2139
2090
1866
1531
1137
785
512
324
277
324
479
682
910
1137
1333
1518
1664
1883
2372
3242
3931
3931
3931
3931
3931
3931
3925
3925
3931
3925
3931
3807
2660
1813
1365
1247
1376
1599
1791
1898
1838
1742
1521
1275
1034
917
782
768
868
1006
1088
1151
1152
1120
1124
1339
1994
3067
3931
3931
3925
3925
3925
3931
3935
3931
3931
3925
2897
1828
1051
676
672
928
1269
1610
1851
1956
1902
1749
1531
1312
1088
942
853
827
832
863
900
942
991
1060
1258
1934
3025
3925
3931
3931
3931
3925
3931
3931
3931
3931
3936
3327
1988
1055
529
426
676
1070
1471
1745
1888
1898
1781
1582
1354
1120
917
740
672
635
639
667
736
810
923
1156
1727
2670
3931
3931
3931
3935
3931
3931
3931
3931
3931
3844
2431
1375
672
405
480
772
1201
1578
1819
1947
1930
1791
1568
1280
1070
859
703
618
575
590
639
750
960
1486
2432
3675
3925
3925
3931
3935
3931
3931
3931
3931
3505
1802
516
149
234
622
1166
1663
2043
2229
2186
2015
1745
1482
1211
1019
868
800
785
878
1262
2069
3381
3931
3931
3921
3925
3925
3931
3931
3931
3931
3338
1877
718
177
128
458
1006
1489
1856
2026
1984
1809
1546
1290
1019
846
740
704
721
849
1329
2272
3733
3931
3931
3931
3931
3925
3931
3931
3925
3931
3931
3360
2016
1088
708
714
923
1230
1457
1599
1632
1585
1486
1343
1188
1041
923
836
772
859
1205
2043
3402
3931
3931
3935
3925
3931
3931
3931
3931
3931
3925
2459
1343
731
607
832
1205
1553
1787
1855
1781
1610
1380
1152
955
817
763
736
849
964
1092
1371
2005
3168
3925
3931
3935
3931
3935
3925
3931
3931
3931
3931
3168
1941
1056
689
721
974
1279
1536
1636
1589
1435
1243
1019
821
693
635
654
731
842
932
1028
1098
1269
1809
2858
3931
3925
3925
3931
3931
3931
3925
3931
3931
3291
2011
1019
494
394
640
1073
1467
1774
1866
1824
1649
1418
1194
1002
831
721
650
622
639
693
778
859
932
1013
1188
1727
2688
3921
3925
3931
3931
3931
3931
3931
3925
3931
3690
2308
1262
522
292
452
859
1322
1700
1930
1979
1841
1599
1322
1023
772
608
522
501
543
618
714
799
906
987
1088
1354
2090
3637
3935
3931
3925
3925
3931
3935
3918
3931
3025
1536
469
0
0
251
778
1358
1792
2033
2090
1994
1787
1546
1297
1073
878
753
689
693
735
821
895
981
1201
1937
3338
3925
3931
3931
3925
3931
3931
3935
3931
3925
2464
1365
703
558
767
1151
1536
1855
1983
1956
1792
1550
1279
1013
768
597
475
462
507
593
725
1060
1787
2943
3931
3925
3935
3931
3931
3931
3931
3931
3931
3935
3566
2197
1179
644
516
778
1252
1642
1883
1905
1774
1557
1284
1038
789
644
544
497
516
603
767
1169
2180
3605
3931
3931
3925
3931
3931
3931
3925
3931
3931
3931
2879
1887
1275
1179
1521
2011
2459
2715
2683
2372
1915
1371
885
526
283
202
245
384
603
977
1678
2773
3925
3921
3925
3931
3931
3931
3925
3935
3950
3931
3569
2257
1211
689
622
864
1294
1732
2069
2225
2207
2062
1824
1553
1269
1034
817
661
565
533
590
708
923
1422
2474
3925
3925
3931
3935
3925
3931
3931
3931
3168
1920
891
260
42
174
533
1002
1472
1809
1984
1998
1855
1572
1279
992
763
612
529
529
593
693
836
970
1130
1408
1994
3018
3925
3935
3931
3931
3931
3931
3925
3921
2596
1344
544
170
206
516
945
1371
1681
1824
1770
1567
1280
974
699
465
305
219
181
192
238
292
373
480
772
1440
2581
3925
3931
3931
3925
3925
3925
3925
3931
3935
3125
1540